              -1542.2139039103
         -0.000238714       0.000020204       0.000000532
          0.000020204      -0.000291125       0.000000332
          0.000000532       0.000000332      -0.000617685
         140
  2     1      -0.015726203       0.001538304      -0.000139553  H
  1     6      -0.011836599       0.090498592      -0.055971215  C_2
  1     6      -0.014065935       0.031937352      -0.009532565  C_2
  1     6      -0.008519603      -0.031747734      -0.006144551  C_2
  1     6      -0.008606681      -0.020466775      -0.056936134  C_2
  1     6      -0.022277081       0.000058724      -0.056978438  C_2
  1     6      -0.022490575       0.007514873      -0.005442467  C_2
  1     6       0.008695191      -0.021216482      -0.005249775  C_2
  1     6       0.015258303      -0.025104968      -0.056923893  C_2
  1     6      -0.040397008       0.011038168      -0.058270989  C_2
  1     6      -0.002728022      -0.009432406      -0.005185933  C_2
  1     6       0.010390700      -0.012006191      -0.005083528  C_2
  1     6       0.011555435      -0.012097709      -0.056686877  C_2
  1     6      -0.014274874      -0.008719354      -0.056689267  C_2
  1     6      -0.010821162      -0.007919336      -0.005064283  C_2
  1     6       0.010535947      -0.005986434      -0.004990836  C_2
  1     6       0.013749256      -0.006747930      -0.056724833  C_2
  1     6      -0.007228598      -0.015266237      -0.056827307  C_2
  1     6      -0.009464495      -0.013709221      -0.005035293  C_2
  1     6       0.014871608       0.000508163      -0.005026325  C_2
  1     6       0.024789025       0.010483404      -0.056991611  C_2
  1     6      -0.011891417      -0.027104092      -0.057192953  C_2
  1     6       0.004884592      -0.007217411      -0.005005387  C_2
  1     6       0.006273822      -0.004682139      -0.004966932  C_2
  1     6       0.016503927       0.012386011      -0.057425416  C_2
  1     6       0.008771532      -0.006045659      -0.056155441  C_2
  1     6       0.005760344      -0.009963202      -0.005089956  C_2
  1     6       0.006196742      -0.012587160      -0.004995401  C_2
  1     6       0.008992935       0.025299239      -0.058154705  C_2
  1     6       0.011622419      -0.010529363      -0.056922217  C_2
  1     6       0.006441937       0.001187792      -0.005040862  C_2
  1     6       0.008253708      -0.002394886      -0.005031538  C_2
  1     6       0.001968552       0.018015359      -0.057323385  C_2
  1     6       0.010448699       0.000043959      -0.056144704  C_2
  1     6       0.013188870      -0.004752024      -0.005066834  C_2
  1     6       0.012544846      -0.002946635      -0.005055600  C_2
  1     6      -0.022839766       0.034852272      -0.058418731  C_2
  1     6       0.029392411      -0.011652950      -0.057284112  C_2
  1     6       0.009683166       0.001573105      -0.005042398  C_2
  1     6      -0.015053434       0.013626205      -0.005015857  C_2
  1     6      -0.007210127       0.011739662      -0.056140287  C_2
  1     6       0.036811196      -0.000543404      -0.058523699  C_2
  1     6      -0.011377751       0.008611010      -0.005006585  C_2
  1     6       0.003022969       0.006412666      -0.005130037  C_2
  1     6      -0.030569104       0.006847098      -0.057468933  C_2
  1     6       0.037003112       0.012972373      -0.058219581  C_2
  1     6      -0.018875047       0.002930669      -0.005115890  C_2
  1     6       0.007190693       0.008442359      -0.005093925  C_2
  1     6      -0.016561127       0.001772735      -0.057123384  C_2
  1     6       0.001537132       0.008846935      -0.056142433  C_2
  1     6       0.008027851       0.013046016      -0.005096098  C_2
  1     6      -0.008964537      -0.000605080      -0.005062665  C_2
  1     6      -0.017184491      -0.006489844      -0.056981995  C_2
  1     6       0.009751114       0.025741982      -0.057835000  C_2
  1     6      -0.007455478       0.000472002      -0.005147110  C_2
  1     6      -0.008329033      -0.004110254      -0.005129976  C_2
  1     6      -0.014499708      -0.011591049      -0.056870661  C_2
  1     6      -0.000260719       0.027741534      -0.057767488  C_2
  1     6      -0.007068077      -0.001641496      -0.005175310  C_2
  1     6      -0.006093378      -0.007734071      -0.005301504  C_2
  1     6      -0.007904877      -0.016551163      -0.056803705  C_2
  1     6      -0.006722171       0.023109283      -0.057760543  C_2
  1     6      -0.004020981      -0.000450011      -0.005194470  C_2
  1     6       0.000702961      -0.011840840      -0.005655557  C_2
  1     6      -0.000456838      -0.011882406      -0.056822034  C_2
  1     6      -0.001981827      -0.000764554      -0.055754257  C_2
  1     6      -0.025909049       0.044513403      -0.005911363  C_2
  1     6       0.028820080      -0.039555008      -0.009327903  C_2
  1     6       0.009961784      -0.006599612      -0.055278926  C_2
  2     1       0.041925661      -0.062448122      -0.000156931  H
  2     1      -0.015434022       0.002466238      -0.000131708  H
  1     6      -0.007430604       0.058896311       0.009406059  C_2
  1     6      -0.010849888       0.005438721       0.055641954  C_2
  1     6      -0.019329272      -0.007704214       0.056615894  C_2
  1     6      -0.017395576       0.003118321       0.006460154  C_2
  1     6      -0.006937003      -0.019596469       0.005477578  C_2
  1     6      -0.008751063      -0.012673766       0.056511849  C_2
  1     6      -0.010572410      -0.006295609       0.056324151  C_2
  1     6      -0.002725099      -0.008834340       0.005391556  C_2
  1     6      -0.017672254       0.000707585       0.005276320  C_2
  1     6       0.019048561      -0.021284875       0.057868467  C_2
  1     6      -0.013178342      -0.007401109       0.056282999  C_2
  1     6      -0.011630356      -0.005815397       0.005151319  C_2
  1     6       0.009726947      -0.007883456       0.005113593  C_2
  1     6       0.013069550      -0.008754082       0.056240512  C_2
  1     6      -0.012688730      -0.012188321       0.056315994  C_2
  1     6      -0.009864332      -0.011293798       0.005063835  C_2
  1     6       0.013933149      -0.004080475       0.005125321  C_2
  1     6       0.012449422      -0.004046093       0.056420338  C_2
  1     6      -0.003540896      -0.015105435       0.056509674  C_2
  1     6       0.005312273      -0.003913476       0.005098908  C_2
  1     6       0.002764632      -0.007788436       0.005044019  C_2
  1     6       0.020863224       0.011102343       0.056844400  C_2
  1     6      -0.004033308      -0.026876483       0.057058276  C_2
  1     6       0.004764513      -0.009061700       0.005230768  C_2
  1     6       0.013958880       0.017062632       0.005093182  C_2
  1     6       0.012549287       0.012753904       0.055729736  C_2
  1     6       0.005848755      -0.037417981       0.057721858  C_2
  1     6       0.007110071       0.000675731       0.005015571  C_2
  1     6       0.006945150       0.012997245       0.005034952  C_2
  1     6       0.003269419       0.025153851       0.056467030  C_2
  1     6       0.017734824      -0.024828323       0.056952393  C_2
  1     6       0.010012396      -0.004926227       0.005055358  C_2
  1     6      -0.003027768       0.019576101       0.005112567  C_2
  1     6       0.001091316       0.015544088       0.055755111  C_2
  1     6       0.030466239      -0.020230558       0.057927761  C_2
  1     6      -0.006018618       0.016530029       0.005238789  C_2
  1     6       0.008882906       0.001391903       0.005077135  C_2
  1     6      -0.009987677       0.015834743       0.056799182  C_2
  1     6       0.006915231       0.005084801       0.055692868  C_2
  1     6       0.014312570       0.001843801       0.005165345  C_2
  1     6       0.012173442       0.003825378       0.005051347  C_2
  1     6      -0.035654372       0.014393940       0.058040117  C_2
  1     6       0.027500903       0.006863813       0.057089846  C_2
  1     6      -0.006156877       0.005881601       0.005143738  C_2
  1     6       0.012654004       0.007818372       0.005121964  C_2
  1     6      -0.043402851      -0.000823525       0.057814735  C_2
  1     6       0.029531733       0.017883707       0.056795196  C_2
  1     6       0.006212089       0.009884629       0.005391244  C_2
  1     6      -0.018192709      -0.004315975       0.005221088  C_2
  1     6      -0.012515760       0.001017059       0.055682218  C_2
  1     6       0.008320016       0.016244626       0.056482263  C_2
  1     6       0.000952284       0.009367490       0.005081931  C_2
  1     6      -0.004326978       0.005649993       0.005119926  C_2
  1     6      -0.022685487      -0.018956964       0.057386183  C_2
  1     6       0.001651820       0.017654636       0.056458608  C_2
  1     6      -0.003291638       0.009721612       0.005259317  C_2
  1     6      -0.006293750       0.003848746       0.005350927  C_2
  1     6      -0.014386093      -0.025320600       0.057292220  C_2
  1     6      -0.004442680       0.016363515       0.056359103  C_2
  1     6      -0.004997056       0.007655250       0.005318964  C_2
  1     6      -0.003926340      -0.001566403       0.005610389  C_2
  1     6      -0.002291210      -0.025397105       0.057312919  C_2
  1     6      -0.006186482       0.011688196       0.056309325  C_2
  1     6      -0.006569647       0.012443021       0.005562965  C_2
  1     6       0.008827603      -0.022572781       0.006140809  C_2
  1     6      -0.015553181       0.021345761       0.055369541  C_2
  1     6       0.013400148      -0.018119955       0.055163246  C_2
  1     6      -0.008386073       0.019446971       0.009053851  C_2
  2     1       0.042711041      -0.063186204      -0.000182652  H
